250
656
0 2 2
2 4 2
4 6 2
6 8 2
8 10 2
10 12 2
12 14 2
14 16 2
16 18 2
18 20 2
20 22 2
22 24 2
24 26 2
26 28 2
28 30 2
30 32 2
32 34 2
34 36 2
36 38 2
38 40 2
40 42 2
42 44 2
44 46 2
46 48 2
48 50 2
50 52 2
52 54 2
54 56 2
56 58 2
58 60 2
60 62 2
62 64 2
64 66 2
66 68 2
68 70 2
70 72 2
72 74 2
74 76 2
76 78 2
78 80 2
80 82 2
82 84 2
84 86 2
86 88 2
88 90 2
90 92 2
92 94 2
94 96 2
96 98 2
98 100 2
100 102 2
102 104 2
104 106 2
106 108 2
108 110 2
110 112 2
112 114 2
114 116 2
116 118 2
118 120 2
120 122 2
122 124 2
124 126 2
126 128 2
128 130 2
130 132 2
132 134 2
134 136 2
136 138 2
138 140 2
140 142 2
142 144 2
144 146 2
146 148 2
148 150 2
150 152 2
152 154 2
154 156 2
156 158 2
158 160 2
160 162 2
162 164 2
164 166 2
166 168 2
168 170 2
170 172 2
172 174 2
174 176 2
176 178 2
178 180 2
180 182 2
182 184 2
184 186 2
186 188 2
188 190 2
190 192 2
192 194 2
194 196 2
196 198 2
198 200 2
200 202 2
202 204 2
204 206 2
206 208 2
208 210 2
210 212 2
212 214 2
214 216 2
216 218 2
218 220 2
220 222 2
222 224 2
224 226 2
226 228 2
228 230 2
230 232 2
232 234 2
234 236 2
236 238 2
238 240 2
240 242 2
242 244 2
244 246 2
246 248 2
0 3 3
3 6 3
6 9 3
9 12 3
12 15 3
15 18 3
18 21 3
21 24 3
24 27 3
27 30 3
30 33 3
33 36 3
36 39 3
39 42 3
42 45 3
45 48 3
48 51 3
51 54 3
54 57 3
57 60 3
60 63 3
63 66 3
66 69 3
69 72 3
72 75 3
75 78 3
78 81 3
81 84 3
84 87 3
87 90 3
90 93 3
93 96 3
96 99 3
99 102 3
102 105 3
105 108 3
108 111 3
111 114 3
114 117 3
117 120 3
120 123 3
123 126 3
126 129 3
129 132 3
132 135 3
135 138 3
138 141 3
141 144 3
144 147 3
147 150 3
150 153 3
153 156 3
156 159 3
159 162 3
162 165 3
165 168 3
168 171 3
171 174 3
174 177 3
177 180 3
180 183 3
183 186 3
186 189 3
189 192 3
192 195 3
195 198 3
198 201 3
201 204 3
204 207 3
207 210 3
210 213 3
213 216 3
216 219 3
219 222 3
222 225 3
225 228 3
228 231 3
231 234 3
234 237 3
237 240 3
240 243 3
243 246 3
246 249 3
0 5 5
5 10 5
10 15 5
15 20 5
20 25 5
25 30 5
30 35 5
35 40 5
40 45 5
45 50 5
50 55 5
55 60 5
60 65 5
65 70 5
70 75 5
75 80 5
80 85 5
85 90 5
90 95 5
95 100 5
100 105 5
105 110 5
110 115 5
115 120 5
120 125 5
125 130 5
130 135 5
135 140 5
140 145 5
145 150 5
150 155 5
155 160 5
160 165 5
165 170 5
170 175 5
175 180 5
180 185 5
185 190 5
190 195 5
195 200 5
200 205 5
205 210 5
210 215 5
215 220 5
220 225 5
225 230 5
230 235 5
235 240 5
240 245 5
0 7 7
7 14 7
14 21 7
21 28 7
28 35 7
35 42 7
42 49 7
49 56 7
56 63 7
63 70 7
70 77 7
77 84 7
84 91 7
91 98 7
98 105 7
105 112 7
112 119 7
119 126 7
126 133 7
133 140 7
140 147 7
147 154 7
154 161 7
161 168 7
168 175 7
175 182 7
182 189 7
189 196 7
196 203 7
203 210 7
210 217 7
217 224 7
224 231 7
231 238 7
238 245 7
0 11 11
11 22 11
22 33 11
33 44 11
44 55 11
55 66 11
66 77 11
77 88 11
88 99 11
99 110 11
110 121 11
121 132 11
132 143 11
143 154 11
154 165 11
165 176 11
176 187 11
187 198 11
198 209 11
209 220 11
220 231 11
231 242 11
0 13 13
13 26 13
26 39 13
39 52 13
52 65 13
65 78 13
78 91 13
91 104 13
104 117 13
117 130 13
130 143 13
143 156 13
156 169 13
169 182 13
182 195 13
195 208 13
208 221 13
221 234 13
234 247 13
0 17 17
17 34 17
34 51 17
51 68 17
68 85 17
85 102 17
102 119 17
119 136 17
136 153 17
153 170 17
170 187 17
187 204 17
204 221 17
221 238 17
0 19 19
19 38 19
38 57 19
57 76 19
76 95 19
95 114 19
114 133 19
133 152 19
152 171 19
171 190 19
190 209 19
209 228 19
228 247 19
0 23 23
23 46 23
46 69 23
69 92 23
92 115 23
115 138 23
138 161 23
161 184 23
184 207 23
207 230 23
0 29 29
29 58 29
58 87 29
87 116 29
116 145 29
145 174 29
174 203 29
203 232 29
0 31 31
31 62 31
62 93 31
93 124 31
124 155 31
155 186 31
186 217 31
217 248 31
0 37 37
37 74 37
74 111 37
111 148 37
148 185 37
185 222 37
0 41 41
41 82 41
82 123 41
123 164 41
164 205 41
205 246 41
0 43 43
43 86 43
86 129 43
129 172 43
172 215 43
0 53 53
53 106 53
106 159 53
159 212 53
0 59 59
59 118 59
118 177 59
177 236 59
0 61 61
61 122 61
122 183 61
183 244 61
0 67 67
67 134 67
134 201 67
0 71 71
71 142 71
142 213 71
0 79 79
79 158 79
158 237 79
0 83 83
83 166 83
166 249 83
0 89 89
89 178 89
0 97 97
97 194 97
0 1 100
0 4 100
0 6 100
0 8 100
0 9 100
0 10 100
0 12 100
0 14 100
0 15 100
0 16 100
0 18 100
0 20 100
0 21 100
0 22 100
0 24 100
0 25 100
0 26 100
0 27 100
0 28 100
0 30 100
0 32 100
0 33 100
0 34 100
0 35 100
0 36 100
0 38 100
0 39 100
0 40 100
0 42 100
0 44 100
0 45 100
0 46 100
0 47 100
0 48 100
0 49 100
0 50 100
0 51 100
0 52 100
0 54 100
0 55 100
0 56 100
0 57 100
0 58 100
0 60 100
0 62 100
0 63 100
0 64 100
0 65 100
0 66 100
0 68 100
0 69 100
0 70 100
0 72 100
0 73 100
0 74 100
0 75 100
0 76 100
0 77 100
0 78 100
0 80 100
0 81 100
0 82 100
0 84 100
0 85 100
0 86 100
0 87 100
0 88 100
0 90 100
0 91 100
0 92 100
0 93 100
0 94 100
0 95 100
0 96 100
0 98 100
0 99 100
0 100 100
0 101 100
0 102 100
0 103 100
0 104 100
0 105 100
0 106 100
0 107 100
0 108 100
0 109 100
0 110 100
0 111 100
0 112 100
0 113 100
0 114 100
0 115 100
0 116 100
0 117 100
0 118 100
0 119 100
0 120 100
0 121 100
0 122 100
0 123 100
0 124 100
0 125 100
0 126 100
0 127 100
0 128 100
0 129 100
0 130 100
0 131 100
0 132 100
0 133 100
0 134 100
0 135 100
0 136 100
0 137 100
0 138 100
0 139 100
0 140 100
0 141 100
0 142 100
0 143 100
0 144 100
0 145 100
0 146 100
0 147 100
0 148 100
0 149 100
0 150 100
0 151 100
0 152 100
0 153 100
0 154 100
0 155 100
0 156 100
0 157 100
0 158 100
0 159 100
0 160 100
0 161 100
0 162 100
0 163 100
0 164 100
0 165 100
0 166 100
0 167 100
0 168 100
0 169 100
0 170 100
0 171 100
0 172 100
0 173 100
0 174 100
0 175 100
0 176 100
0 177 100
0 178 100
0 179 100
0 180 100
0 181 100
0 182 100
0 183 100
0 184 100
0 185 100
0 186 100
0 187 100
0 188 100
0 189 100
0 190 100
0 191 100
0 192 100
0 193 100
0 194 100
0 195 100
0 196 100
0 197 100
0 198 100
0 199 100
0 200 100
0 201 100
0 202 100
0 203 100
0 204 100
0 205 100
0 206 100
0 207 100
0 208 100
0 209 100
0 210 100
0 211 100
0 212 100
0 213 100
0 214 100
0 215 100
0 216 100
0 217 100
0 218 100
0 219 100
0 220 100
0 221 100
0 222 100
0 223 100
0 224 100
0 225 100
0 226 100
0 227 100
0 228 100
0 229 100
0 230 100
0 231 100
0 232 100
0 233 100
0 234 100
0 235 100
0 236 100
0 237 100
0 238 100
0 239 100
0 240 100
0 241 100
0 242 100
0 243 100
0 244 100
0 245 100
0 246 100
0 247 100
0 248 100
0 249 100

